>CACGTG	MA0004.1:::Arnt	6.93	-10
0.208	0.708	0.042	0.042
0.833	0.042	0.083	0.042
0.042	0.875	0.042	0.042
0.042	0.042	0.875	0.042
0.042	0.042	0.042	0.875
0.042	0.042	0.875	0.042
>TGCGTG	MA0006.1:::Ahr::Arnt	6.93	-10
0.143	0.321	0.107	0.429
0.036	0.036	0.857	0.071
0.036	0.857	0.036	0.071
0.036	0.036	0.857	0.071
0.036	0.036	0.036	0.893
0.036	0.036	0.893	0.036
>AGATGCAATCCC	MA0019.1:::Ddit3::Cebpa	6.93	-10
0.349	0.186	0.302	0.163
0.279	0.186	0.349	0.186
0.442	0.093	0.372	0.093
0.023	0.047	0.023	0.907
0.023	0.023	0.907	0.047
0.116	0.791	0.023	0.070
0.907	0.047	0.023	0.023
0.860	0.070	0.047	0.023
0.023	0.163	0.023	0.791
0.349	0.419	0.140	0.093
0.116	0.558	0.233	0.093
0.023	0.628	0.163	0.186
>TTATGTAACAT	MA0025.1:::NFIL3	6.93	-10
0.074	0.037	0.037	0.852
0.037	0.037	0.111	0.815
0.852	0.037	0.037	0.074
0.037	0.333	0.037	0.593
0.111	0.037	0.815	0.037
0.037	0.037	0.037	0.889
0.889	0.037	0.037	0.037
0.852	0.037	0.074	0.037
0.037	0.444	0.185	0.333
0.296	0.222	0.296	0.185
0.222	0.222	0.148	0.407
>AAGATAAGATAACA	MA0029.1:::Mecom	6.93	-10
0.484	0.097	0.226	0.194
0.677	0.065	0.097	0.161
0.032	0.065	0.839	0.065
0.903	0.032	0.032	0.032
0.065	0.355	0.032	0.548
0.903	0.032	0.032	0.032
0.871	0.032	0.065	0.032
0.032	0.032	0.903	0.032
0.903	0.032	0.032	0.032
0.032	0.129	0.032	0.806
0.806	0.065	0.032	0.097
0.774	0.032	0.161	0.032
0.226	0.258	0.258	0.258
0.516	0.226	0.129	0.129
>CAAACGTAAACAAT	MA0030.1:::FOXF2	6.93	-10
0.065	0.355	0.258	0.323
0.355	0.258	0.194	0.194
0.581	0.161	0.097	0.161
0.438	0.188	0.188	0.188
0.154	0.462	0.346	0.038
0.258	0.032	0.677	0.032
0.032	0.032	0.032	0.903
0.903	0.032	0.032	0.032
0.903	0.032	0.032	0.032
0.903	0.032	0.032	0.032
0.032	0.839	0.032	0.097
0.903	0.032	0.032	0.032
0.548	0.161	0.097	0.194
0.258	0.161	0.226	0.355
>GTAAACAT	MA0031.1:::FOXD1	6.93	-10
0.083	0.083	0.750	0.083
0.042	0.042	0.042	0.875
0.833	0.083	0.042	0.042
0.875	0.042	0.042	0.042
0.792	0.083	0.083	0.042
0.083	0.792	0.042	0.083
0.875	0.042	0.042	0.042
0.333	0.125	0.167	0.375
>CAAATCACTG	MA0038.1:::Gfi1	6.93	-10
0.175	0.368	0.175	0.281
0.509	0.298	0.140	0.053
0.947	0.018	0.018	0.018
0.947	0.018	0.018	0.018
0.035	0.018	0.035	0.912
0.035	0.930	0.018	0.018
0.561	0.140	0.053	0.246
0.158	0.509	0.211	0.123
0.351	0.211	0.053	0.386
0.140	0.246	0.509	0.105
>TATTGTTTATT	MA0040.1:::Foxq1	6.93	-10
0.227	0.227	0.182	0.364
0.636	0.091	0.182	0.091
0.273	0.136	0.045	0.545
0.182	0.045	0.045	0.727
0.045	0.045	0.864	0.045
0.045	0.045	0.045	0.864
0.045	0.045	0.045	0.864
0.045	0.045	0.045	0.864
0.818	0.045	0.091	0.045
0.045	0.091	0.227	0.636
0.318	0.045	0.182	0.455
>GAATGTTTGTTT	MA0041.1:::Foxd3	6.93	-10
0.235	0.078	0.529	0.157
0.608	0.059	0.020	0.314
0.490	0.039	0.020	0.451
0.039	0.098	0.020	0.843
0.255	0.020	0.686	0.039
0.020	0.020	0.020	0.941
0.039	0.020	0.020	0.922
0.118	0.020	0.216	0.647
0.294	0.020	0.431	0.255
0.137	0.157	0.020	0.686
0.039	0.059	0.098	0.804
0.020	0.255	0.020	0.706
>GGAAAGCGAAACCAAAAC	MA0051.1:::IRF2	6.93	-10
0.062	0.312	0.500	0.125
0.188	0.062	0.688	0.062
0.812	0.062	0.062	0.062
0.750	0.062	0.062	0.125
0.812	0.062	0.062	0.062
0.188	0.062	0.688	0.062
0.062	0.438	0.062	0.438
0.062	0.062	0.812	0.062
0.812	0.062	0.062	0.062
0.812	0.062	0.062	0.062
0.812	0.062	0.062	0.062
0.062	0.438	0.438	0.062
0.062	0.500	0.188	0.250
0.375	0.188	0.250	0.188
0.438	0.062	0.188	0.312
0.438	0.125	0.125	0.312
0.375	0.188	0.125	0.312
0.250	0.438	0.125	0.188
>TGGGGA	MA0056.1:::MZF1	6.93	-10
0.167	0.250	0.208	0.375
0.042	0.042	0.833	0.083
0.125	0.042	0.792	0.042
0.042	0.042	0.833	0.083
0.042	0.042	0.875	0.042
0.792	0.042	0.125	0.042
>GGAGGGGGAA	MA0057.1:::MZF1(var.2)	6.93	-10
0.100	0.250	0.400	0.250
0.150	0.050	0.400	0.400
0.800	0.100	0.050	0.050
0.050	0.050	0.600	0.300
0.050	0.050	0.800	0.100
0.050	0.150	0.750	0.050
0.050	0.050	0.750	0.150
0.200	0.100	0.450	0.250
0.550	0.050	0.250	0.150
0.450	0.150	0.250	0.150
>GACCACGTGGT	MA0059.1:::MAX::MYC	6.93	-10
0.320	0.080	0.400	0.200
0.640	0.080	0.200	0.080
0.120	0.400	0.400	0.080
0.080	0.840	0.040	0.040
0.880	0.040	0.040	0.040
0.040	0.840	0.040	0.080
0.080	0.040	0.840	0.040
0.040	0.080	0.040	0.840
0.040	0.040	0.880	0.040
0.080	0.080	0.760	0.080
0.160	0.240	0.040	0.560
>TTAATTG	MA0063.1:::Nkx2-5	6.93	-10
0.381	0.048	0.095	0.476
0.048	0.238	0.048	0.667
0.857	0.048	0.048	0.048
0.857	0.048	0.048	0.048
0.048	0.048	0.381	0.524
0.238	0.143	0.048	0.571
0.143	0.095	0.571	0.190
>GTAGGTCACGGTGACCTACT	MA0066.1:::PPARG	6.93	-10
0.125	0.281	0.469	0.125
0.125	0.031	0.031	0.812
0.625	0.031	0.312	0.031
0.031	0.062	0.875	0.031
0.062	0.031	0.844	0.062
0.031	0.062	0.156	0.750
0.094	0.750	0.125	0.031
0.844	0.062	0.031	0.062
0.188	0.500	0.156	0.156
0.188	0.250	0.344	0.219
0.156	0.094	0.594	0.156
0.062	0.031	0.094	0.812
0.094	0.188	0.656	0.062
0.719	0.188	0.031	0.062
0.062	0.875	0.031	0.031
0.031	0.812	0.031	0.125
0.125	0.406	0.031	0.438
0.719	0.188	0.031	0.062
0.188	0.406	0.219	0.188
0.250	0.031	0.062	0.656
>AGTCACGC	MA0067.1:::Pax2	6.93	-10
0.314	0.229	0.171	0.286
0.229	0.057	0.629	0.086
0.114	0.086	0.029	0.771
0.029	0.829	0.057	0.086
0.771	0.057	0.114	0.057
0.086	0.514	0.057	0.343
0.086	0.029	0.571	0.314
0.057	0.343	0.343	0.257
>TTCACGCATGAGTT	MA0069.1:::Pax6	6.93	-10
0.064	0.106	0.106	0.723
0.064	0.064	0.021	0.851
0.106	0.574	0.043	0.277
0.851	0.064	0.043	0.043
0.085	0.745	0.043	0.128
0.043	0.021	0.894	0.043
0.043	0.809	0.106	0.043
0.468	0.064	0.064	0.404
0.043	0.106	0.043	0.809
0.064	0.319	0.553	0.064
0.787	0.021	0.149	0.043
0.255	0.255	0.298	0.191
0.043	0.128	0.085	0.745
0.043	0.021	0.383	0.553
>CCATCAATCAAA	MA0070.1:::PBX1	6.93	-10
0.273	0.318	0.136	0.273
0.182	0.455	0.182	0.182
0.773	0.091	0.091	0.045
0.091	0.091	0.045	0.773
0.045	0.864	0.045	0.045
0.818	0.091	0.045	0.045
0.818	0.045	0.045	0.091
0.045	0.045	0.091	0.818
0.045	0.864	0.045	0.045
0.773	0.091	0.045	0.091
0.591	0.045	0.091	0.273
0.409	0.136	0.136	0.318
>ATCAAGGTCA	MA0071.1:::RORA	6.93	-10
0.552	0.069	0.103	0.276
0.345	0.069	0.034	0.552
0.241	0.448	0.172	0.138
0.414	0.103	0.207	0.276
0.759	0.034	0.172	0.034
0.034	0.034	0.897	0.034
0.034	0.034	0.897	0.034
0.034	0.034	0.034	0.897
0.034	0.897	0.034	0.034
0.897	0.034	0.034	0.034
>TATAAGTAGGTCAA	MA0072.1:::RORA(var.2)	6.93	-10
0.250	0.225	0.225	0.300
0.450	0.075	0.200	0.275
0.400	0.025	0.100	0.475
0.900	0.050	0.025	0.025
0.600	0.025	0.025	0.350
0.075	0.325	0.350	0.250
0.025	0.025	0.025	0.925
0.725	0.025	0.225	0.025
0.025	0.025	0.925	0.025
0.025	0.025	0.925	0.025
0.025	0.025	0.025	0.925
0.025	0.925	0.025	0.025
0.925	0.025	0.025	0.025
0.400	0.175	0.275	0.150
>CCCCAAACCACCCCCCCCCA	MA0073.1:::RREB1	6.93	-10
0.267	0.600	0.067	0.067
0.133	0.733	0.067	0.067
0.267	0.600	0.067	0.067
0.067	0.800	0.067	0.067
0.533	0.333	0.067	0.067
0.667	0.200	0.067	0.067
0.600	0.267	0.067	0.067
0.333	0.467	0.067	0.133
0.067	0.800	0.067	0.067
0.800	0.067	0.067	0.067
0.333	0.533	0.067	0.067
0.133	0.733	0.067	0.067
0.267	0.600	0.067	0.067
0.333	0.467	0.133	0.067
0.200	0.667	0.067	0.067
0.333	0.400	0.067	0.200
0.333	0.400	0.133	0.133
0.333	0.467	0.067	0.133
0.133	0.533	0.267	0.067
0.333	0.333	0.200	0.133
>GGGTCAACGAGTTCA	MA0074.1:::RXRA::VDR	6.93	-10
0.286	0.071	0.571	0.071
0.071	0.071	0.786	0.071
0.071	0.071	0.714	0.143
0.071	0.071	0.071	0.786
0.071	0.714	0.071	0.143
0.714	0.071	0.143	0.071
0.357	0.214	0.071	0.357
0.214	0.357	0.214	0.214
0.214	0.071	0.643	0.071
0.429	0.071	0.429	0.071
0.071	0.071	0.786	0.071
0.071	0.071	0.071	0.786
0.143	0.071	0.071	0.714
0.071	0.714	0.071	0.143
0.571	0.143	0.214	0.071
>CCATTGTTC	MA0077.1:::SOX9	6.93	-10
0.050	0.700	0.125	0.125
0.113	0.487	0.087	0.312
0.900	0.025	0.013	0.062
0.037	0.025	0.037	0.900
0.100	0.013	0.062	0.825
0.037	0.037	0.912	0.013
0.175	0.013	0.062	0.750
0.125	0.100	0.087	0.688
0.188	0.400	0.100	0.312
>CTCATTGTC	MA0078.1:::Sox17	6.93	-10
0.229	0.286	0.200	0.286
0.257	0.257	0.143	0.343
0.114	0.543	0.057	0.286
0.886	0.029	0.029	0.057
0.029	0.057	0.029	0.886
0.029	0.029	0.029	0.914
0.029	0.029	0.914	0.029
0.029	0.029	0.086	0.857
0.029	0.514	0.314	0.143
>AGAGGAA	MA0081.1:::SPIB	6.93	-10
0.604	0.019	0.019	0.358
0.094	0.283	0.566	0.057
0.472	0.321	0.151	0.057
0.057	0.019	0.906	0.019
0.038	0.019	0.906	0.038
0.925	0.019	0.019	0.038
0.906	0.019	0.019	0.057
>GTAAACAAT	MA0084.1:::SRY	6.93	-10
0.188	0.188	0.344	0.281
0.281	0.125	0.156	0.438
0.500	0.031	0.125	0.344
0.594	0.125	0.125	0.156
0.812	0.031	0.031	0.125
0.031	0.844	0.031	0.094
0.906	0.031	0.031	0.031
0.875	0.031	0.062	0.031
0.250	0.031	0.094	0.625
>ATTGTTA	MA0087.1:::Sox5	6.93	-10
0.889	0.037	0.037	0.037
0.037	0.037	0.074	0.852
0.037	0.037	0.037	0.889
0.074	0.037	0.852	0.037
0.037	0.074	0.037	0.852
0.074	0.074	0.037	0.815
0.333	0.148	0.185	0.333
>CATGAC	MA0089.1:::MAFG::NFE2L1	6.93	-10
0.211	0.316	0.289	0.184
0.789	0.079	0.105	0.026
0.026	0.026	0.026	0.921
0.053	0.026	0.868	0.053
0.921	0.026	0.026	0.026
0.026	0.711	0.079	0.184
>CGACCATCTGTT	MA0091.1:::TAL1::TCF3	6.93	-10
0.292	0.312	0.188	0.208
0.208	0.229	0.438	0.125
0.833	0.021	0.083	0.062
0.438	0.521	0.021	0.021
0.021	0.917	0.042	0.021
0.938	0.021	0.021	0.021
0.021	0.042	0.250	0.688
0.271	0.688	0.021	0.021
0.021	0.021	0.021	0.938
0.021	0.021	0.917	0.042
0.021	0.083	0.438	0.458
0.104	0.104	0.062	0.729
>GGTCTGGCAT	MA0092.1:::Hand1::Tcf3	6.93	-10
0.152	0.273	0.333	0.242
0.333	0.030	0.485	0.152
0.091	0.091	0.061	0.758
0.030	0.879	0.030	0.061
0.030	0.030	0.030	0.909
0.030	0.030	0.909	0.030
0.030	0.121	0.788	0.061
0.303	0.455	0.061	0.182
0.515	0.030	0.121	0.333
0.182	0.152	0.152	0.515
>GGGGATTTCC	MA0101.1:::REL	6.93	-10
0.048	0.286	0.429	0.238
0.048	0.095	0.762	0.095
0.095	0.048	0.762	0.095
0.286	0.095	0.476	0.143
0.333	0.286	0.190	0.190
0.286	0.095	0.095	0.524
0.095	0.048	0.048	0.810
0.143	0.048	0.048	0.762
0.048	0.762	0.048	0.143
0.095	0.810	0.048	0.048
>GGGAATTTCC	MA0107.1:::RELA	6.93	-10
0.045	0.227	0.545	0.182
0.045	0.045	0.818	0.091
0.045	0.045	0.864	0.045
0.545	0.045	0.364	0.045
0.500	0.182	0.227	0.091
0.136	0.045	0.045	0.773
0.045	0.045	0.045	0.864
0.045	0.136	0.045	0.773
0.045	0.864	0.045	0.045
0.045	0.864	0.045	0.045
>GTATAAAAGGCGGGG	MA0108.2:::TBP	6.93	-10
0.158	0.372	0.389	0.081
0.043	0.120	0.048	0.789
0.898	0.003	0.008	0.092
0.010	0.028	0.008	0.954
0.903	0.003	0.015	0.079
0.684	0.003	0.003	0.310
0.919	0.010	0.053	0.018
0.567	0.008	0.115	0.310
0.397	0.115	0.402	0.087
0.145	0.346	0.384	0.125
0.214	0.377	0.328	0.081
0.211	0.326	0.328	0.135
0.211	0.303	0.328	0.158
0.176	0.275	0.356	0.193
0.198	0.260	0.359	0.183
>AACCTTATAT	MA0109.1:::HLTF	6.93	-10
0.309	0.200	0.236	0.255
0.368	0.228	0.105	0.298
0.429	0.540	0.016	0.016
0.016	0.952	0.016	0.016
0.413	0.016	0.016	0.556
0.016	0.016	0.016	0.952
0.397	0.095	0.206	0.302
0.016	0.016	0.365	0.603
0.291	0.273	0.273	0.164
0.245	0.245	0.208	0.302
>AGGGTAACAGC	MA0111.1:::Spz1	6.93	-10
0.625	0.062	0.250	0.062
0.062	0.188	0.625	0.125
0.188	0.062	0.688	0.062
0.062	0.062	0.750	0.125
0.125	0.062	0.125	0.688
0.562	0.062	0.062	0.312
0.438	0.062	0.188	0.312
0.125	0.625	0.188	0.062
0.688	0.062	0.188	0.062
0.062	0.125	0.625	0.188
0.188	0.562	0.188	0.062
>AAAGGTCAAAGGTCAAC	MA0115.1:::NR1H2::RXRA	6.93	-10
0.621	0.207	0.034	0.138
0.621	0.069	0.207	0.103
0.724	0.034	0.207	0.034
0.034	0.034	0.897	0.034
0.034	0.034	0.862	0.069
0.034	0.034	0.034	0.897
0.034	0.897	0.034	0.034
0.897	0.034	0.034	0.034
0.862	0.034	0.034	0.069
0.897	0.034	0.034	0.034
0.034	0.034	0.897	0.034
0.034	0.034	0.897	0.034
0.034	0.034	0.034	0.897
0.034	0.897	0.034	0.034
0.897	0.034	0.034	0.034
0.724	0.069	0.103	0.103
0.034	0.552	0.241	0.172
>GGCACCCAGGGGTGC	MA0116.1:::Znf423	6.93	-10
0.216	0.135	0.622	0.027
0.027	0.459	0.486	0.027
0.459	0.486	0.027	0.027
0.486	0.459	0.027	0.027
0.027	0.919	0.027	0.027
0.027	0.919	0.027	0.027
0.054	0.486	0.027	0.432
0.676	0.027	0.027	0.270
0.378	0.027	0.459	0.135
0.027	0.027	0.919	0.027
0.027	0.027	0.919	0.027
0.027	0.027	0.486	0.459
0.027	0.027	0.459	0.486
0.027	0.243	0.459	0.270
0.324	0.622	0.027	0.027
>TGGCACCATGCCAA	MA0119.1:::NFIC::TLX1	6.93	-10
0.050	0.050	0.050	0.850
0.050	0.050	0.850	0.050
0.050	0.050	0.850	0.050
0.050	0.850	0.050	0.050
0.750	0.100	0.050	0.100
0.150	0.450	0.300	0.100
0.150	0.450	0.250	0.150
0.400	0.100	0.300	0.200
0.250	0.200	0.150	0.400
0.050	0.050	0.850	0.050
0.050	0.850	0.050	0.050
0.050	0.850	0.050	0.050
0.850	0.050	0.050	0.050
0.750	0.050	0.100	0.100
>TAATTGGT	MA0125.1:::Nobox	6.93	-10
0.024	0.048	0.024	0.905
0.881	0.024	0.024	0.071
0.929	0.024	0.024	0.024
0.048	0.048	0.071	0.833
0.071	0.024	0.119	0.786
0.381	0.024	0.548	0.048
0.119	0.310	0.452	0.119
0.071	0.333	0.167	0.429
>ATCCAC	MA0130.1:::ZNF354C	6.93	-10
0.400	0.350	0.200	0.050
0.200	0.150	0.050	0.600
0.050	0.850	0.050	0.050
0.050	0.850	0.050	0.050
0.850	0.050	0.050	0.050
0.050	0.800	0.100	0.050
>AAATTAATTAATC	MA0135.1:::Lhx3	6.93	-10
0.417	0.042	0.167	0.375
0.708	0.125	0.125	0.042
0.833	0.042	0.042	0.083
0.042	0.042	0.042	0.875
0.042	0.042	0.042	0.875
0.833	0.042	0.042	0.083
0.875	0.042	0.042	0.042
0.125	0.125	0.042	0.708
0.042	0.083	0.042	0.833
0.708	0.083	0.042	0.167
0.417	0.042	0.167	0.375
0.125	0.375	0.042	0.458
0.125	0.417	0.167	0.292
>TGGCCACCAGGGGGCGCTA	MA0139.1:::CTCF	6.93	-10
0.096	0.318	0.084	0.502
0.183	0.159	0.453	0.205
0.308	0.055	0.491	0.147
0.062	0.874	0.024	0.040
0.010	0.986	0.001	0.003
0.812	0.015	0.072	0.100
0.045	0.577	0.365	0.013
0.118	0.474	0.053	0.355
0.930	0.013	0.036	0.021
0.007	0.001	0.988	0.004
0.365	0.004	0.620	0.011
0.060	0.014	0.552	0.374
0.014	0.001	0.975	0.010
0.062	0.010	0.849	0.079
0.115	0.804	0.007	0.074
0.409	0.015	0.556	0.020
0.091	0.530	0.338	0.042
0.129	0.354	0.081	0.435
0.442	0.200	0.293	0.066
>CTTTGTTATGCAAAT	MA0142.1:::Pou5f1::Sox2	6.93	-10
0.047	0.619	0.049	0.285
0.423	0.043	0.021	0.512
0.009	0.037	0.027	0.927
0.035	0.009	0.058	0.897
0.087	0.265	0.602	0.047
0.303	0.014	0.022	0.661
0.151	0.267	0.136	0.446
0.900	0.023	0.018	0.059
0.013	0.004	0.012	0.971
0.008	0.012	0.903	0.076
0.011	0.751	0.095	0.144
0.768	0.012	0.023	0.197
0.650	0.051	0.231	0.068
0.880	0.025	0.056	0.040
0.146	0.088	0.152	0.614
>GGAAGGAAGGAAGGAAGG	MA0149.1:::EWSR1-FLI1	6.93	-10
0.009	0.009	0.972	0.009
0.028	0.009	0.954	0.009
0.963	0.009	0.018	0.009
0.963	0.009	0.018	0.009
0.018	0.009	0.963	0.009
0.028	0.009	0.945	0.018
0.954	0.009	0.028	0.009
0.945	0.009	0.037	0.009
0.009	0.009	0.963	0.018
0.009	0.028	0.954	0.009
0.917	0.046	0.028	0.009
0.972	0.009	0.009	0.009
0.009	0.009	0.972	0.009
0.009	0.028	0.954	0.009
0.927	0.037	0.009	0.028
0.945	0.009	0.028	0.018
0.055	0.009	0.899	0.037
0.037	0.037	0.899	0.028
>CCGGAAGTGGC	MA0062.2:::Gabpa	6.93	-10
0.033	0.774	0.190	0.002
0.072	0.921	0.005	0.002
0.001	0.001	0.996	0.002
0.001	0.001	0.997	0.001
0.995	0.002	0.002	0.001
0.993	0.003	0.001	0.003
0.095	0.033	0.870	0.001
0.057	0.263	0.038	0.641
0.156	0.139	0.608	0.098
0.267	0.265	0.419	0.050
0.235	0.360	0.226	0.178
>TTCAGCACCATGGACAGCGCC	MA0138.2:::REST	6.93	-10
0.133	0.110	0.230	0.527
0.037	0.169	0.092	0.703
0.048	0.854	0.032	0.066
0.905	0.019	0.059	0.017
0.022	0.028	0.943	0.007
0.076	0.608	0.201	0.114
0.979	0.005	0.008	0.008
0.002	0.986	0.008	0.004
0.022	0.920	0.013	0.044
0.568	0.126	0.101	0.205
0.137	0.234	0.078	0.552
0.025	0.005	0.965	0.005
0.013	0.004	0.981	0.002
0.876	0.070	0.022	0.032
0.009	0.799	0.146	0.047
0.982	0.006	0.005	0.007
0.027	0.009	0.958	0.006
0.129	0.631	0.115	0.125
0.230	0.020	0.432	0.318
0.134	0.586	0.201	0.079
0.113	0.699	0.024	0.164
>GTCTGTGGTTT	MA0002.2:::RUNX1	6.93	-10
0.144	0.248	0.348	0.260
0.117	0.243	0.234	0.407
0.062	0.535	0.075	0.328
0.029	0.000	0.004	0.967
0.000	0.038	0.935	0.027
0.044	0.064	0.035	0.857
0.000	0.000	0.992	0.007
0.009	0.021	0.923	0.047
0.005	0.200	0.126	0.669
0.066	0.232	0.041	0.662
0.250	0.079	0.145	0.526
>TGTTTACTTAGG	MA0047.2:::Foxa2	6.93	-10
0.002	0.002	0.002	0.993
0.273	0.005	0.717	0.005
0.002	0.002	0.002	0.993
0.002	0.005	0.046	0.947
0.002	0.002	0.216	0.779
0.905	0.006	0.084	0.005
0.004	0.892	0.004	0.101
0.417	0.096	0.005	0.482
0.063	0.327	0.073	0.538
0.515	0.009	0.031	0.445
0.163	0.067	0.596	0.174
0.161	0.243	0.361	0.235
>GTAGGGCAAAGGTCA	MA0065.2:::Pparg::Rxra	6.93	-10
0.110	0.369	0.373	0.148
0.118	0.194	0.148	0.539
0.453	0.028	0.427	0.093
0.117	0.005	0.777	0.102
0.162	0.018	0.779	0.040
0.169	0.150	0.457	0.224
0.083	0.632	0.208	0.077
0.946	0.025	0.018	0.010
0.603	0.057	0.313	0.028
0.823	0.007	0.159	0.012
0.096	0.003	0.886	0.015
0.048	0.012	0.800	0.140
0.027	0.115	0.304	0.554
0.064	0.642	0.167	0.127
0.782	0.068	0.055	0.095
>ATTAAA	MA0151.1:::Arid3a	6.93	-10
0.903	0.032	0.032	0.032
0.032	0.032	0.032	0.903
0.065	0.323	0.032	0.581
0.903	0.032	0.032	0.032
0.903	0.032	0.032	0.032
0.677	0.032	0.065	0.226
>TTTTCCA	MA0152.1:::NFATC2	6.93	-10
0.133	0.067	0.100	0.700
0.067	0.100	0.100	0.733
0.067	0.067	0.033	0.833
0.033	0.033	0.033	0.900
0.067	0.867	0.033	0.033
0.033	0.900	0.033	0.033
0.633	0.133	0.067	0.167
>TGTCAGGGGGCG	MA0155.1:::INSM1	6.93	-10
0.071	0.036	0.179	0.714
0.036	0.036	0.750	0.179
0.036	0.321	0.143	0.500
0.250	0.571	0.036	0.143
0.607	0.036	0.036	0.321
0.036	0.036	0.893	0.036
0.036	0.071	0.857	0.036
0.036	0.036	0.893	0.036
0.036	0.036	0.893	0.036
0.036	0.107	0.607	0.250
0.143	0.607	0.036	0.214
0.393	0.036	0.464	0.107
>CACTAATT	MA0158.1:::HOXA5	6.93	-10
0.158	0.737	0.053	0.053
0.400	0.050	0.300	0.250
0.050	0.400	0.300	0.250
0.350	0.050	0.100	0.500
0.750	0.050	0.050	0.150
0.750	0.050	0.150	0.050
0.050	0.050	0.050	0.850
0.050	0.100	0.350	0.500
>AGGTCACGGAGAGGTCA	MA0159.1:::RARA::RXRA	6.93	-10
0.481	0.037	0.444	0.037
0.037	0.037	0.889	0.037
0.074	0.037	0.519	0.370
0.037	0.037	0.074	0.852
0.037	0.704	0.148	0.111
0.852	0.037	0.074	0.037
0.185	0.296	0.222	0.296
0.222	0.333	0.370	0.074
0.222	0.185	0.444	0.148
0.519	0.074	0.296	0.111
0.222	0.259	0.481	0.037
0.667	0.148	0.148	0.037
0.074	0.074	0.778	0.074
0.037	0.074	0.630	0.259
0.111	0.074	0.148	0.667
0.074	0.667	0.148	0.111
0.815	0.037	0.074	0.074
>AAGGTCAC	MA0160.1:::NR4A2	6.93	-10
0.529	0.118	0.235	0.118
0.778	0.056	0.111	0.056
0.056	0.056	0.778	0.111
0.222	0.056	0.667	0.056
0.167	0.167	0.056	0.611
0.056	0.778	0.056	0.111
0.833	0.056	0.056	0.056
0.235	0.529	0.176	0.059
>GGGGCCCAAGGGGG	MA0163.1:::PLAG1	6.93	-10
0.045	0.045	0.864	0.045
0.182	0.045	0.682	0.091
0.045	0.045	0.864	0.045
0.045	0.045	0.818	0.091
0.045	0.682	0.227	0.045
0.045	0.727	0.091	0.136
0.227	0.500	0.091	0.182
0.591	0.045	0.045	0.318
0.545	0.273	0.136	0.045
0.136	0.045	0.682	0.136
0.045	0.045	0.864	0.045
0.045	0.045	0.864	0.045
0.045	0.045	0.773	0.136
0.136	0.045	0.773	0.045
>CAAGCTT	MA0164.1:::Nr2e3	6.93	-10
0.185	0.481	0.111	0.222
0.889	0.037	0.037	0.037
0.889	0.037	0.037	0.037
0.037	0.074	0.852	0.037
0.037	0.889	0.037	0.037
0.037	0.037	0.037	0.889
0.037	0.037	0.037	0.889
>GGACGTGC	MA0259.1:::ARNT::HIF1A	6.93	-10
0.259	0.269	0.463	0.009
0.102	0.278	0.324	0.296
0.731	0.028	0.222	0.019
0.009	0.963	0.009	0.019
0.009	0.009	0.972	0.009
0.009	0.009	0.009	0.972
0.009	0.009	0.972	0.009
0.176	0.481	0.194	0.148
>GGGGCCGAGGCCTG	MA0146.2:::Zfx	6.93	-10
0.106	0.372	0.374	0.148
0.125	0.356	0.362	0.158
0.191	0.315	0.415	0.079
0.151	0.104	0.617	0.128
0.023	0.614	0.299	0.064
0.014	0.746	0.006	0.233
0.064	0.258	0.379	0.299
0.396	0.318	0.254	0.033
0.019	0.006	0.971	0.004
0.002	0.008	0.986	0.004
0.002	0.994	0.002	0.002
0.002	0.992	0.002	0.004
0.002	0.004	0.002	0.992
0.176	0.254	0.452	0.118
>ATTTCCAAGAA	MA0519.1:::Stat5a::Stat5b	6.93	-10
0.374	0.141	0.268	0.217
0.126	0.218	0.176	0.481
0.000	0.000	0.000	1.000
0.000	0.097	0.000	0.903
0.000	0.990	0.000	0.010
0.016	0.775	0.000	0.209
0.427	0.372	0.000	0.202
0.699	0.000	0.251	0.050
0.000	0.000	1.000	0.000
0.902	0.006	0.000	0.092
0.902	0.000	0.098	0.000
>TTTCCAGGAAATGG	MA0518.1:::Stat4	6.93	-10
0.074	0.355	0.169	0.403
0.005	0.001	0.000	0.994
0.009	0.000	0.184	0.806
0.220	0.775	0.005	0.000
0.107	0.519	0.025	0.349
0.504	0.010	0.425	0.060
0.255	0.000	0.742	0.002
0.016	0.000	0.983	0.000
0.999	0.000	0.000	0.000
0.999	0.000	0.000	0.000
0.547	0.097	0.290	0.066
0.169	0.273	0.238	0.319
0.220	0.251	0.358	0.171
0.309	0.154	0.389	0.148
>TCAGTTTCATTTTCC	MA0517.1:::STAT1::STAT2	6.93	-10
0.112	0.103	0.125	0.660
0.242	0.370	0.136	0.252
0.691	0.013	0.244	0.053
0.006	0.239	0.750	0.005
0.002	0.005	0.002	0.992
0.006	0.005	0.002	0.987
0.006	0.022	0.008	0.963
0.002	0.933	0.002	0.064
0.410	0.122	0.308	0.160
0.173	0.179	0.260	0.388
0.008	0.022	0.018	0.952
0.018	0.005	0.002	0.976
0.008	0.274	0.008	0.710
0.026	0.785	0.016	0.173
0.046	0.587	0.059	0.308
>GCCCCGCCCCCTCCC	MA0516.1:::SP2	6.93	-10
0.095	0.150	0.609	0.146
0.024	0.480	0.153	0.343
0.031	0.821	0.001	0.147
0.001	0.994	0.005	0.001
0.001	0.973	0.001	0.026
0.104	0.001	0.758	0.138
0.001	0.998	0.001	0.001
0.001	0.980	0.001	0.018
0.001	0.656	0.001	0.343
0.122	0.708	0.001	0.169
0.069	0.575	0.059	0.297
0.111	0.328	0.193	0.367
0.134	0.425	0.238	0.203
0.136	0.470	0.242	0.152
0.121	0.441	0.250	0.188
>CCATTGTTTT	MA0515.1:::Sox6	6.93	-10
0.020	0.553	0.202	0.225
0.004	0.877	0.004	0.115
0.640	0.004	0.004	0.352
0.004	0.004	0.004	0.988
0.004	0.004	0.004	0.988
0.004	0.004	0.988	0.004
0.004	0.004	0.004	0.988
0.004	0.458	0.024	0.514
0.020	0.447	0.004	0.530
0.059	0.304	0.126	0.510
>CCTTTGTTTT	MA0514.1:::Sox3	6.93	-10
0.000	0.718	0.160	0.121
0.000	0.750	0.000	0.249
0.127	0.000	0.000	0.872
0.000	0.000	0.000	0.999
0.000	0.000	0.000	0.999
0.000	0.070	0.929	0.000
0.000	0.000	0.000	0.999
0.000	0.338	0.123	0.539
0.010	0.412	0.011	0.567
0.021	0.316	0.185	0.478
>CTGTCTGTCACCT	MA0513.1:::SMAD2::SMAD3::SMAD4	6.93	-10
0.185	0.480	0.187	0.148
0.218	0.084	0.039	0.659
0.017	0.010	0.972	0.001
0.038	0.051	0.115	0.796
0.001	0.997	0.001	0.001
0.001	0.001	0.001	0.997
0.118	0.257	0.598	0.027
0.235	0.140	0.311	0.315
0.001	0.993	0.004	0.001
0.848	0.022	0.021	0.109
0.034	0.816	0.148	0.001
0.131	0.647	0.053	0.169
0.123	0.238	0.040	0.599
>GTTGCCATGGCAAC	MA0509.1:::Rfx1	6.93	-10
0.136	0.074	0.716	0.075
0.028	0.104	0.176	0.692
0.068	0.389	0.062	0.481
0.197	0.203	0.356	0.244
0.018	0.817	0.045	0.120
0.000	0.957	0.000	0.042
0.586	0.188	0.035	0.191
0.065	0.054	0.045	0.836
0.282	0.000	0.717	0.000
0.087	0.000	0.912	0.000
0.134	0.799	0.006	0.061
0.838	0.000	0.114	0.048
0.972	0.000	0.027	0.000
0.000	0.999	0.000	0.000
>TTCATTTGCATAT	MA0507.1:::POU2F2	6.93	-10
0.182	0.278	0.176	0.365
0.232	0.117	0.259	0.392
0.265	0.361	0.182	0.193
0.880	0.009	0.001	0.110
0.000	0.000	0.000	0.999
0.112	0.001	0.000	0.886
0.000	0.000	0.000	0.999
0.069	0.000	0.872	0.058
0.000	0.992	0.000	0.007
0.986	0.014	0.000	0.000
0.000	0.001	0.000	0.998
0.506	0.017	0.268	0.208
0.260	0.158	0.047	0.535
>GCGCCTGCGCA	MA0506.1:::NRF1	6.93	-10
0.130	0.081	0.788	0.000
0.135	0.865	0.000	0.000
0.043	0.041	0.916	0.000
0.000	0.868	0.101	0.030
0.327	0.403	0.202	0.068
0.000	0.087	0.114	0.798
0.000	0.000	0.999	0.000
0.000	0.938	0.000	0.062
0.000	0.076	0.924	0.000
0.016	0.983	0.000	0.000
0.485	0.174	0.341	0.000
>AAGTTCAAGGTCAGC	MA0505.1:::Nr5a2	6.93	-10
0.379	0.132	0.372	0.117
0.578	0.100	0.198	0.124
0.162	0.117	0.581	0.140
0.072	0.222	0.215	0.491
0.042	0.206	0.014	0.737
0.005	0.948	0.044	0.003
0.988	0.009	0.001	0.002
0.985	0.001	0.014	0.001
0.023	0.001	0.975	0.001
0.001	0.001	0.998	0.001
0.100	0.343	0.036	0.521
0.001	0.920	0.008	0.072
0.843	0.012	0.053	0.091
0.159	0.203	0.434	0.203
0.147	0.407	0.267	0.180
>AGGGGTCAGAGGTCA	MA0504.1:::NR2C2	6.93	-10
0.326	0.318	0.228	0.128
0.208	0.178	0.556	0.058
0.486	0.018	0.491	0.005
0.003	0.023	0.920	0.055
0.028	0.010	0.892	0.070
0.010	0.003	0.201	0.787
0.018	0.777	0.138	0.068
0.862	0.003	0.123	0.013
0.471	0.003	0.524	0.003
0.815	0.003	0.180	0.003
0.028	0.003	0.967	0.003
0.030	0.003	0.845	0.123
0.003	0.070	0.226	0.702
0.025	0.792	0.090	0.093
0.729	0.003	0.233	0.035
>AGCCACTCAAG	MA0503.1:::Nkx2-5(var.2)	6.93	-10
0.522	0.096	0.239	0.143
0.374	0.056	0.428	0.142
0.100	0.518	0.377	0.005
0.000	0.999	0.000	0.000
0.719	0.002	0.000	0.279
0.000	0.999	0.000	0.000
0.000	0.000	0.000	0.999
0.000	0.988	0.000	0.011
0.833	0.126	0.000	0.041
0.660	0.001	0.241	0.098
0.147	0.279	0.523	0.052
>AAATGGACCAATCAG	MA0502.1:::NFYB	6.93	-10
0.422	0.225	0.283	0.070
0.401	0.251	0.154	0.195
0.402	0.251	0.168	0.180
0.093	0.317	0.155	0.434
0.096	0.296	0.386	0.223
0.403	0.155	0.424	0.017
0.500	0.020	0.416	0.064
0.000	1.000	0.000	0.000
0.000	1.000	0.000	0.000
1.000	0.000	0.000	0.000
0.997	0.000	0.003	0.000
0.000	0.000	0.000	1.000
0.059	0.681	0.243	0.017
0.777	0.014	0.208	0.002
0.103	0.134	0.731	0.031
>ATGACTCAGCAATTT	MA0501.1:::MAF::NFE2	6.93	-10
0.665	0.025	0.306	0.005
0.001	0.001	0.001	0.997
0.001	0.001	0.990	0.008
0.997	0.001	0.001	0.001
0.016	0.797	0.153	0.035
0.101	0.002	0.012	0.885
0.074	0.857	0.021	0.048
0.895	0.001	0.048	0.057
0.008	0.005	0.952	0.035
0.001	0.973	0.021	0.005
0.852	0.016	0.068	0.064
0.351	0.186	0.260	0.203
0.331	0.092	0.120	0.457
0.268	0.094	0.084	0.554
0.194	0.260	0.098	0.449
>GACAGCTGCAG	MA0500.1:::Myog	6.93	-10
0.405	0.148	0.447	0.000
0.598	0.017	0.385	0.000
0.000	1.000	0.000	0.000
1.000	0.000	0.000	0.000
0.000	0.000	1.000	0.000
0.004	0.840	0.156	0.000
0.000	0.000	0.000	1.000
0.000	0.000	1.000	0.000
0.146	0.440	0.304	0.110
0.276	0.194	0.267	0.263
0.210	0.246	0.388	0.155
>TGCAGCTGTCCCT	MA0499.1:::Myod1	6.93	-10
0.280	0.228	0.204	0.288
0.169	0.266	0.449	0.117
0.000	1.000	0.000	0.000
0.993	0.000	0.000	0.007
0.000	0.262	0.737	0.001
0.000	1.000	0.000	0.000
0.000	0.000	0.000	1.000
0.000	0.000	1.000	0.000
0.000	0.371	0.027	0.602
0.001	0.449	0.119	0.432
0.239	0.310	0.243	0.209
0.078	0.474	0.176	0.272
0.168	0.312	0.180	0.339
>ATGCTAAAAATAGAA	MA0497.1:::MEF2C	6.93	-10
0.319	0.146	0.306	0.230
0.332	0.069	0.259	0.340
0.195	0.089	0.372	0.344
0.173	0.638	0.036	0.153
0.000	0.446	0.000	0.554
0.731	0.116	0.034	0.119
0.771	0.015	0.109	0.104
0.953	0.000	0.040	0.007
0.963	0.000	0.001	0.035
0.965	0.000	0.002	0.032
0.026	0.028	0.000	0.945
0.984	0.000	0.015	0.000
0.176	0.055	0.756	0.014
0.441	0.378	0.067	0.113
0.456	0.204	0.057	0.282
>TGACCTAAAGTAACCTCTG	MA0494.1:::Nr1h3::Rxra	6.93	-10
0.001	0.040	0.023	0.936
0.111	0.024	0.856	0.009
0.581	0.192	0.108	0.119
0.194	0.764	0.001	0.042
0.046	0.849	0.003	0.101
0.062	0.247	0.101	0.590
0.282	0.251	0.270	0.197
0.295	0.203	0.265	0.238
0.625	0.001	0.253	0.122
0.219	0.016	0.710	0.055
0.061	0.001	0.004	0.934
0.440	0.061	0.346	0.152
0.708	0.140	0.152	0.001
0.201	0.756	0.016	0.026
0.093	0.818	0.001	0.089
0.009	0.395	0.034	0.562
0.107	0.400	0.155	0.339
0.222	0.155	0.262	0.361
0.187	0.229	0.346	0.239
>GGCCACACCCA	MA0493.1:::Klf1	6.93	-10
0.285	0.145	0.383	0.187
0.317	0.077	0.577	0.028
0.128	0.749	0.062	0.060
0.026	0.872	0.002	0.100
0.764	0.225	0.002	0.009
0.002	0.994	0.002	0.002
0.757	0.002	0.185	0.057
0.002	0.994	0.002	0.002
0.002	0.994	0.002	0.002
0.002	0.960	0.002	0.036
0.530	0.068	0.002	0.400
>AAAGATGATGTCATC	MA0492.1:::JUND(var.2)	6.93	-10
0.340	0.129	0.238	0.293
0.399	0.096	0.259	0.245
0.335	0.144	0.241	0.280
0.405	0.073	0.469	0.054
0.754	0.005	0.241	0.000
0.000	0.000	0.000	1.000
0.000	0.000	0.996	0.004
1.000	0.000	0.000	0.000
0.000	0.309	0.246	0.444
0.152	0.054	0.793	0.000
0.000	0.117	0.000	0.883
0.261	0.734	0.004	0.000
1.000	0.000	0.000	0.000
0.008	0.163	0.072	0.758
0.305	0.322	0.189	0.184
>GGTGACTCATC	MA0491.1:::JUND	6.93	-10
0.320	0.020	0.352	0.308
0.392	0.125	0.484	0.000
0.000	0.000	0.000	1.000
0.000	0.000	1.000	0.000
1.000	0.000	0.000	0.000
0.000	0.590	0.364	0.046
0.000	0.000	0.000	1.000
0.040	0.960	0.000	0.000
1.000	0.000	0.000	0.000
0.000	0.133	0.059	0.808
0.149	0.386	0.321	0.143
>GGATGACTCAT	MA0490.1:::JUNB	6.93	-10
0.212	0.198	0.352	0.238
0.297	0.062	0.496	0.144
0.493	0.034	0.472	0.000
0.000	0.000	0.000	1.000
0.000	0.000	1.000	0.000
1.000	0.000	0.000	0.000
0.000	0.580	0.370	0.050
0.000	0.000	0.000	1.000
0.074	0.926	0.000	0.000
1.000	0.000	0.000	0.000
0.043	0.174	0.360	0.422
>AGGAGATGACTCAT	MA0489.1:::JUN(var.2)	6.93	-10
0.443	0.114	0.257	0.186
0.358	0.121	0.375	0.146
0.340	0.103	0.395	0.162
0.401	0.102	0.316	0.180
0.378	0.054	0.384	0.183
0.541	0.091	0.368	0.000
0.000	0.000	0.000	1.000
0.000	0.000	1.000	0.000
0.999	0.000	0.000	0.000
0.035	0.521	0.373	0.071
0.018	0.000	0.000	0.982
0.087	0.912	0.000	0.000
1.000	0.000	0.000	0.000
0.034	0.229	0.241	0.495
>AAGATGATGTCAT	MA0488.1:::JUN	6.93	-10
0.388	0.133	0.233	0.245
0.339	0.140	0.238	0.283
0.310	0.091	0.462	0.138
0.788	0.035	0.177	0.000
0.000	0.000	0.000	1.000
0.000	0.000	0.994	0.006
1.000	0.000	0.000	0.000
0.000	0.164	0.215	0.621
0.000	0.029	0.971	0.000
0.045	0.168	0.000	0.787
0.329	0.671	0.000	0.000
1.000	0.000	0.000	0.000
0.010	0.177	0.048	0.765
>GGCCATAAATCAC	MA0485.1:::Hoxc9	6.93	-10
0.265	0.125	0.452	0.157
0.127	0.193	0.604	0.075
0.100	0.682	0.046	0.172
0.253	0.528	0.002	0.217
0.745	0.004	0.232	0.019
0.001	0.011	0.001	0.987
0.839	0.096	0.040	0.025
0.992	0.001	0.001	0.006
0.990	0.008	0.001	0.001
0.021	0.001	0.001	0.976
0.055	0.805	0.007	0.133
0.639	0.082	0.008	0.271
0.160	0.371	0.181	0.288
>AGAGTCCAAAGTCCA	MA0484.1:::HNF4G	6.93	-10
0.372	0.197	0.213	0.218
0.345	0.162	0.405	0.088
0.497	0.011	0.403	0.089
0.117	0.021	0.791	0.071
0.206	0.076	0.349	0.370
0.160	0.304	0.241	0.295
0.000	0.934	0.023	0.043
0.988	0.006	0.006	0.000
0.834	0.009	0.157	0.000
0.895	0.000	0.099	0.005
0.011	0.001	0.962	0.026
0.034	0.015	0.383	0.567
0.024	0.459	0.117	0.400
0.017	0.886	0.009	0.088
0.718	0.084	0.059	0.139
>AAATCACAGCA	MA0483.1:::Gfi1b	6.93	-10
0.637	0.249	0.059	0.054
0.998	0.001	0.001	0.001
0.997	0.001	0.002	0.001
0.001	0.192	0.016	0.791
0.001	0.998	0.001	0.001
0.586	0.012	0.001	0.401
0.035	0.744	0.220	0.001
0.633	0.001	0.001	0.365
0.033	0.001	0.950	0.016
0.081	0.753	0.044	0.122
0.420	0.246	0.074	0.260
>TCTTATCTCCC	MA0482.1:::Gata4	6.93	-10
0.004	0.378	0.136	0.481
0.000	0.788	0.112	0.100
0.000	0.033	0.000	0.967
0.000	0.000	0.000	0.999
0.985	0.015	0.000	0.000
0.000	0.000	0.000	0.999
0.000	0.999	0.000	0.000
0.199	0.000	0.000	0.800
0.000	0.451	0.342	0.206
0.219	0.365	0.057	0.358
0.141	0.338	0.248	0.273
>TCCTGTTTACA	MA0480.1:::Foxo1	6.93	-10
0.188	0.111	0.192	0.508
0.051	0.513	0.302	0.134
0.035	0.564	0.084	0.316
0.000	0.000	0.000	0.999
0.000	0.000	0.999	0.000
0.000	0.000	0.000	0.999
0.000	0.000	0.000	0.999
0.000	0.000	0.115	0.884
0.751	0.063	0.000	0.186
0.000	0.805	0.000	0.194
0.430	0.230	0.029	0.311
>TCCAATCCACA	MA0479.1:::FOXH1	6.93	-10
0.114	0.346	0.181	0.358
0.192	0.284	0.260	0.263
0.119	0.397	0.384	0.100
1.000	0.000	0.000	0.000
0.919	0.000	0.028	0.053
0.000	0.000	0.000	1.000
0.289	0.703	0.000	0.008
0.172	0.828	0.000	0.000
1.000	0.000	0.000	0.000
0.000	1.000	0.000	0.000
0.869	0.000	0.000	0.131
>GGATGACTCAT	MA0478.1:::FOSL2	6.93	-10
0.157	0.187	0.392	0.264
0.287	0.111	0.509	0.093
0.538	0.011	0.438	0.014
0.000	0.000	0.000	0.999
0.000	0.000	0.999	0.000
0.954	0.010	0.036	0.000
0.000	0.618	0.346	0.037
0.000	0.000	0.000	0.999
0.039	0.961	0.000	0.000
0.999	0.000	0.000	0.000
0.000	0.263	0.363	0.373
>GGTGACTCATG	MA0477.1:::FOSL1	6.93	-10
0.340	0.023	0.452	0.186
0.297	0.083	0.589	0.030
0.000	0.000	0.000	0.999
0.000	0.000	0.999	0.000
0.999	0.000	0.000	0.000
0.024	0.592	0.385	0.000
0.000	0.000	0.000	0.999
0.034	0.966	0.000	0.000
0.999	0.000	0.000	0.000
0.007	0.154	0.329	0.510
0.225	0.319	0.356	0.100
>TGTGACTCATT	MA0476.1:::FOS	6.93	-10
0.268	0.024	0.329	0.378
0.254	0.346	0.369	0.031
0.000	0.000	0.000	1.000
0.000	0.000	0.922	0.078
1.000	0.000	0.000	0.000
0.034	0.479	0.381	0.106
0.000	0.000	0.000	1.000
0.000	1.000	0.000	0.000
1.000	0.000	0.000	0.000
0.009	0.198	0.052	0.741
0.136	0.280	0.269	0.315
>GGGCGGGAAGG	MA0471.1:::E2F6	6.93	-10
0.294	0.029	0.510	0.167
0.160	0.147	0.692	0.000
0.000	0.000	0.999	0.000
0.244	0.708	0.000	0.048
0.003	0.000	0.996	0.000
0.000	0.000	0.999	0.000
0.008	0.011	0.981	0.000
0.999	0.000	0.000	0.000
0.611	0.000	0.388	0.000
0.358	0.165	0.411	0.066
0.280	0.256	0.330	0.135
>GGGCGGGAAGG	MA0470.1:::E2F4	6.93	-10
0.145	0.197	0.451	0.207
0.083	0.272	0.645	0.001
0.001	0.006	0.993	0.001
0.001	0.998	0.001	0.001
0.001	0.001	0.998	0.001
0.015	0.116	0.868	0.001
0.009	0.022	0.969	0.001
0.959	0.001	0.040	0.001
0.666	0.001	0.333	0.001
0.379	0.186	0.383	0.052
0.268	0.209	0.328	0.195
>TAATTTAATCA	MA0468.1:::DUX4	6.93	-10
0.191	0.065	0.026	0.718
0.968	0.000	0.032	0.000
1.000	0.000	0.000	0.000
0.137	0.305	0.052	0.505
0.000	0.431	0.130	0.438
0.000	0.365	0.160	0.475
0.923	0.076	0.000	0.001
1.000	0.000	0.000	0.000
0.000	0.000	0.000	1.000
0.000	0.979	0.000	0.021
0.884	0.000	0.000	0.116
>AAGAGGATTAG	MA0467.1:::Crx	6.93	-10
0.575	0.142	0.218	0.065
0.693	0.021	0.199	0.088
0.166	0.027	0.700	0.108
0.449	0.106	0.392	0.052
0.246	0.000	0.750	0.004
0.000	0.000	0.999	0.000
0.777	0.222	0.000	0.000
0.000	0.000	0.000	0.999
0.000	0.014	0.000	0.985
0.950	0.000	0.000	0.049
0.259	0.025	0.632	0.084
>AAGCCATAAAA	MA0465.1:::CDX2	6.93	-10
0.384	0.200	0.300	0.116
0.416	0.006	0.314	0.264
0.193	0.086	0.721	0.001
0.001	0.655	0.001	0.344
0.436	0.520	0.001	0.043
0.998	0.001	0.001	0.001
0.001	0.001	0.001	0.998
0.998	0.001	0.001	0.001
0.998	0.001	0.001	0.001
0.998	0.001	0.001	0.001
0.633	0.094	0.196	0.076
>TTTCCTAGAAAGCA	MA0463.1:::Bcl6	6.93	-10
0.200	0.179	0.256	0.365
0.037	0.024	0.030	0.908
0.006	0.084	0.032	0.877
0.032	0.914	0.026	0.028
0.001	0.854	0.001	0.144
0.001	0.001	0.001	0.997
0.466	0.091	0.422	0.022
0.149	0.001	0.849	0.001
0.981	0.001	0.013	0.005
0.670	0.106	0.183	0.041
0.642	0.008	0.223	0.127
0.106	0.097	0.657	0.140
0.198	0.516	0.122	0.165
0.385	0.197	0.174	0.244
>GAAATGACTCA	MA0462.1:::BATF::JUN	6.93	-10
0.293	0.046	0.488	0.173
0.454	0.053	0.275	0.218
0.429	0.016	0.211	0.343
0.785	0.141	0.000	0.075
0.000	0.000	0.000	1.000
0.000	0.000	0.986	0.014
1.000	0.000	0.000	0.000
0.056	0.478	0.467	0.000
0.000	0.000	0.000	1.000
0.123	0.816	0.061	0.000
0.975	0.000	0.000	0.025
>CATTTCCTGAGAAAT	MA0520.1:::Stat6	6.93	-10
0.139	0.358	0.260	0.243
0.359	0.177	0.201	0.263
0.082	0.305	0.235	0.377
0.001	0.001	0.001	0.998
0.008	0.001	0.001	0.991
0.066	0.906	0.001	0.027
0.038	0.649	0.001	0.312
0.358	0.012	0.119	0.511
0.177	0.288	0.484	0.050
0.622	0.002	0.225	0.151
0.015	0.001	0.968	0.017
0.998	0.001	0.001	0.001
0.997	0.001	0.002	0.001
0.335	0.291	0.215	0.158
0.186	0.265	0.127	0.422
>AACAGCTGCAG	MA0521.1:::Tcf12	6.93	-10
0.478	0.123	0.397	0.001
0.684	0.010	0.306	0.000
0.000	1.000	0.000	0.000
1.000	0.000	0.000	0.000
0.001	0.000	0.999	0.000
0.014	0.839	0.147	0.000
0.000	0.000	0.000	1.000
0.000	0.000	1.000	0.000
0.145	0.429	0.296	0.130
0.303	0.187	0.227	0.282
0.222	0.233	0.375	0.170
>AAAGATCAAAGGAA	MA0523.1:::TCF7L2	6.93	-10
0.364	0.181	0.272	0.183
0.432	0.201	0.275	0.093
0.733	0.033	0.134	0.101
0.021	0.465	0.479	0.036
0.667	0.006	0.000	0.326
0.033	0.000	0.000	0.966
0.037	0.788	0.174	0.000
0.999	0.000	0.000	0.000
0.979	0.004	0.017	0.000
0.995	0.000	0.005	0.000
0.073	0.009	0.918	0.000
0.247	0.203	0.479	0.071
0.334	0.268	0.289	0.109
0.425	0.197	0.181	0.197
>CTCTCGCGAGATCTG	MA0527.1:::ZBTB33	6.93	-10
0.117	0.362	0.207	0.313
0.010	0.094	0.047	0.849
0.041	0.931	0.017	0.011
0.016	0.127	0.008	0.849
0.001	0.996	0.001	0.001
0.051	0.001	0.942	0.006
0.004	0.944	0.001	0.051
0.001	0.001	0.996	0.001
0.652	0.114	0.168	0.066
0.013	0.082	0.636	0.269
0.588	0.134	0.200	0.078
0.121	0.329	0.193	0.357
0.028	0.464	0.062	0.446
0.113	0.206	0.155	0.526
0.128	0.330	0.377	0.165
>GGAGGAGGAGGGGGAGGAGGA	MA0528.1:::ZNF263	6.93	-10
0.155	0.019	0.727	0.098
0.302	0.000	0.698	0.000
0.730	0.000	0.184	0.086
0.030	0.000	0.907	0.063
0.066	0.114	0.817	0.003
0.913	0.036	0.003	0.047
0.103	0.055	0.738	0.103
0.102	0.094	0.751	0.053
0.532	0.064	0.362	0.042
0.337	0.101	0.462	0.100
0.203	0.070	0.622	0.105
0.433	0.039	0.442	0.086
0.274	0.041	0.584	0.101
0.270	0.106	0.593	0.031
0.521	0.062	0.314	0.103
0.251	0.000	0.634	0.115
0.206	0.000	0.751	0.043
0.545	0.000	0.387	0.068
0.343	0.014	0.586	0.057
0.267	0.043	0.644	0.046
0.477	0.060	0.403	0.061
>ATTGCACAATA	MA0102.3:::CEBPA	6.93	-10
0.676	0.087	0.237	0.000
0.000	0.000	0.000	1.000
0.000	0.000	0.000	1.000
0.046	0.000	0.738	0.216
0.000	1.000	0.000	0.000
0.780	0.083	0.070	0.067
0.174	0.500	0.000	0.327
0.798	0.202	0.000	0.000
1.000	0.000	0.000	0.000
0.000	0.371	0.118	0.511
0.379	0.324	0.058	0.239
>CCACTTCCGGC	MA0076.2:::ELK4	6.93	-10
0.087	0.425	0.259	0.229
0.114	0.556	0.166	0.164
0.593	0.043	0.303	0.061
0.000	0.784	0.005	0.211
0.003	0.000	0.000	0.997
0.000	0.000	0.000	0.999
0.000	0.999	0.000	0.000
0.000	0.999	0.000	0.000
0.000	0.000	0.850	0.150
0.000	0.146	0.829	0.024
0.085	0.365	0.195	0.355
>AGGTCACCCTGACCT	MA0258.2:::ESR2	6.93	-10
0.656	0.012	0.311	0.021
0.052	0.000	0.870	0.078
0.007	0.000	0.988	0.005
0.009	0.018	0.120	0.853
0.000	0.924	0.065	0.011
0.982	0.000	0.007	0.011
0.061	0.510	0.332	0.097
0.254	0.392	0.205	0.149
0.219	0.304	0.264	0.213
0.194	0.118	0.065	0.623
0.136	0.048	0.807	0.008
0.398	0.249	0.169	0.184
0.053	0.785	0.044	0.119
0.135	0.710	0.000	0.155
0.101	0.328	0.074	0.497
>TCCATGTTTACTTTG	MA0148.3:::FOXA1	6.93	-10
0.197	0.219	0.187	0.397
0.212	0.311	0.215	0.262
0.139	0.389	0.241	0.231
0.324	0.196	0.165	0.314
0.003	0.000	0.001	0.996
0.267	0.000	0.733	0.000
0.000	0.000	0.000	1.000
0.000	0.000	0.059	0.941
0.000	0.000	0.130	0.870
0.829	0.000	0.171	0.000
0.000	0.934	0.000	0.066
0.418	0.121	0.000	0.462
0.038	0.332	0.063	0.568
0.486	0.000	0.003	0.511
0.218	0.118	0.428	0.236
>TTCTTATCTGT	MA0035.3:::Gata1	6.93	-10
0.113	0.241	0.141	0.505
0.028	0.357	0.156	0.459
0.000	0.828	0.024	0.148
0.000	0.039	0.000	0.961
0.000	0.000	0.000	1.000
1.000	0.000	0.000	0.000
0.000	0.000	0.000	1.000
0.000	1.000	0.000	0.000
0.121	0.000	0.000	0.879
0.139	0.343	0.372	0.145
0.105	0.282	0.089	0.523
>TTTTACTTTCACTTTCACTTT	MA0050.2:::IRF1	6.93	-10
0.232	0.235	0.195	0.337
0.184	0.209	0.184	0.422
0.127	0.238	0.156	0.479
0.102	0.316	0.109	0.474
0.539	0.075	0.265	0.122
0.018	0.581	0.371	0.030
0.010	0.001	0.001	0.989
0.001	0.023	0.001	0.975
0.001	0.042	0.004	0.954
0.001	0.915	0.001	0.083
0.669	0.029	0.175	0.127
0.015	0.577	0.253	0.154
0.012	0.001	0.001	0.985
0.006	0.011	0.004	0.979
0.009	0.043	0.001	0.947
0.013	0.750	0.021	0.216
0.376	0.180	0.193	0.250
0.160	0.340	0.214	0.286
0.107	0.137	0.084	0.672
0.146	0.142	0.073	0.639
0.122	0.243	0.111	0.523
>CAGCATGACTCAGCA	MA0150.2:::Nfe2l2	6.93	-10
0.229	0.464	0.151	0.156
0.551	0.108	0.219	0.122
0.163	0.329	0.378	0.130
0.279	0.340	0.210	0.171
0.670	0.040	0.282	0.008
0.001	0.001	0.001	0.996
0.001	0.001	0.975	0.022
0.996	0.001	0.001	0.001
0.029	0.732	0.163	0.077
0.116	0.029	0.023	0.832
0.090	0.753	0.064	0.092
0.792	0.005	0.125	0.078
0.015	0.016	0.958	0.011
0.007	0.959	0.027	0.007
0.855	0.037	0.044	0.064
>CCTTTGTT	MA0143.3:::Sox2	6.93	-10
0.001	0.998	0.001	0.001
0.001	0.998	0.001	0.001
0.453	0.001	0.001	0.546
0.001	0.001	0.001	0.998
0.001	0.001	0.001	0.998
0.001	0.001	0.998	0.001
0.001	0.001	0.001	0.998
0.001	0.284	0.201	0.514
>GCCCCGCCCCC	MA0079.3:::SP1	6.93	-10
0.098	0.205	0.489	0.208
0.000	0.711	0.074	0.215
0.011	0.767	0.000	0.221
0.000	1.000	0.000	0.000
0.000	0.991	0.000	0.008
0.156	0.000	0.529	0.315
0.000	1.000	0.000	0.000
0.000	1.000	0.000	0.000
0.000	0.764	0.000	0.235
0.121	0.728	0.000	0.152
0.075	0.569	0.084	0.272
>TTTCCAGGAAA	MA0137.3:::STAT1	6.93	-10
0.101	0.201	0.216	0.481
0.000	0.015	0.000	0.985
0.000	0.002	0.031	0.967
0.100	0.898	0.002	0.000
0.030	0.553	0.000	0.416
0.479	0.000	0.451	0.070
0.045	0.000	0.954	0.000
0.008	0.002	0.943	0.046
0.997	0.000	0.003	0.000
0.998	0.002	0.000	0.000
0.517	0.086	0.200	0.197
>CTTCTGGGAAA	MA0144.2:::STAT3	6.93	-10
0.090	0.396	0.176	0.338
0.033	0.000	0.000	0.967
0.012	0.016	0.271	0.702
0.047	0.906	0.000	0.048
0.039	0.360	0.000	0.601
0.171	0.000	0.530	0.299
0.073	0.000	0.927	0.000
0.117	0.000	0.864	0.019
1.000	0.000	0.000	0.000
1.000	0.000	0.000	0.000
0.431	0.045	0.304	0.221
>CTTATCTGTGAGGAGCAG	MA0140.2:::GATA1::TAL1	6.93	-10
0.225	0.411	0.195	0.169
0.042	0.163	0.032	0.763
0.064	0.000	0.000	0.935
0.999	0.000	0.000	0.000
0.000	0.000	0.000	0.999
0.000	0.999	0.000	0.000
0.413	0.013	0.011	0.562
0.133	0.269	0.447	0.152
0.194	0.245	0.251	0.310
0.240	0.227	0.307	0.225
0.359	0.228	0.200	0.213
0.210	0.250	0.345	0.195
0.273	0.230	0.296	0.201
0.380	0.209	0.166	0.246
0.279	0.250	0.380	0.092
0.022	0.973	0.005	0.000
0.940	0.000	0.000	0.060
0.032	0.180	0.715	0.073
>GCCACGTGACC	MA0093.2:::USF1	6.93	-10
0.288	0.223	0.425	0.064
0.087	0.442	0.177	0.293
0.003	0.997	0.000	0.000
0.984	0.000	0.000	0.016
0.011	0.610	0.055	0.323
0.095	0.035	0.869	0.000
0.000	0.000	0.000	1.000
0.000	0.000	1.000	0.000
0.876	0.000	0.082	0.042
0.000	0.782	0.000	0.218
0.108	0.589	0.066	0.236
>CAAGATGGCGGC	MA0095.2:::YY1	6.93	-10
0.157	0.639	0.112	0.092
0.972	0.000	0.025	0.002
0.940	0.014	0.037	0.009
0.349	0.156	0.458	0.037
1.000	0.000	0.000	0.000
0.000	0.002	0.000	0.998
0.002	0.000	0.998	0.000
0.002	0.000	0.998	0.000
0.113	0.786	0.005	0.095
0.121	0.234	0.386	0.259
0.125	0.122	0.649	0.104
